100
5 743.46 699.43 733.53 701.72 718.81 770.89 856.06 806.94 820.02 727.64
7 194.01 18.63 197.97 22.31 327.58 91.86 397.67 59.56 400.53 56.91 419.70 -2.56 194.37 -2.56
6 689.41 937.46 691.42 929.92 633.78 895.55 581.46 879.08 513.72 1014.56 656.60 1014.56
5 93.27 861.87 37.75 1014.56 98.10 1014.56 168.37 922.67 165.04 916.68
7 946.52 522.03 886.98 572.65 888.21 573.97 915.59 592.22 950.61 575.81 1007.70 523.91 1007.70 520.12
5 497.00 35.98 536.35 51.88 572.79 39.74 597.56 -2.56 476.34 -2.56
4 783.96 234.74 709.68 202.20 699.77 349.18 760.11 372.51
5 216.60 1014.56 281.10 1014.56 285.01 964.79 258.36 936.28 224.71 938.50
4 380.90 968.28 331.56 995.42 327.89 1014.56 445.92 1014.56
5 678.90 793.70 649.34 786.60 633.78 895.55 691.42 929.92 714.40 900.20
8 520.54 147.41 519.49 157.37 538.06 205.18 574.75 240.59 693.82 180.58 702.12 117.41 585.40 106.55 526.39 141.49
5 483.04 105.81 520.54 147.41 526.39 141.49 536.35 51.88 497.00 35.98
6 702.12 117.41 737.53 57.34 731.63 -2.56 597.56 -2.56 572.79 39.74 585.40 106.55
4 822.52 675.12 784.75 666.40 743.46 699.43 820.02 727.64
6 350.19 912.27 303.62 887.24 258.36 936.28 285.01 964.79 321.03 960.95 350.67 927.19
4 397.67 59.56 416.28 140.21 470.49 102.25 400.53 56.91
6 832.52 665.84 792.70 513.19 758.75 531.05 758.32 569.51 784.75 666.40 822.52 675.12
5 405.06 429.28 442.09 295.97 436.88 289.42 343.72 256.76 328.97 294.00
5 860.51 810.36 746.94 896.61 870.02 1014.56 1007.70 1014.56 1007.70 840.07
4 512.39 369.04 633.86 339.72 574.07 252.34 509.68 320.17
5 285.01 964.79 281.10 1014.56 327.89 1014.56 331.56 995.42 321.03 960.95
5 888.21 573.97 852.05 664.38 950.43 709.10 922.26 608.50 915.59 592.22
8 384.52 544.05 309.38 612.99 304.05 645.50 337.33 708.51 418.08 692.57 454.34 666.31 484.50 604.92 482.92 598.86
6 581.46 879.08 570.58 787.53 514.02 801.02 443.33 860.26 512.30 1014.56 513.72 1014.56
3 689.41 937.46 656.60 1014.56 860.74 1014.56
6 90.41 465.69 56.89 481.21 94.07 550.98 165.69 534.46 199.89 502.75 180.27 458.60
6 237.98 383.18 242.21 340.40 137.70 282.55 95.56 312.92 139.89 397.65 178.42 438.07
4 113.15 807.83 127.63 784.37 97.23 707.00 68.33 707.00
6 483.04 105.81 470.49 102.25 416.28 140.21 408.43 178.00 519.49 157.37 520.54 147.41
5 97.23 707.00 127.63 784.37 148.01 766.66 141.48 715.75 123.90 695.51
5 224.71 938.50 212.84 928.63 168.37 922.67 98.10 1014.56 216.60 1014.56
9 723.80 688.98 628.02 647.16 613.21 658.76 589.39 739.56 591.29 767.12 649.34 786.60 678.90 793.70 718.81 770.89 733.53 701.72
6 498.26 439.70 407.06 438.21 397.77 446.11 384.52 544.05 482.92 598.86 538.49 469.18
5 85.03 571.16 94.07 550.98 56.89 481.21 -16.70 426.84 -16.70 601.15
9 856.06 806.94 860.51 810.36 1007.70 840.07 1007.70 795.36 950.43 709.10 852.05 664.38 832.52 665.84 822.52 675.12 820.02 727.64
8 783.96 234.74 796.61 234.07 818.14 215.15 828.43 106.08 737.53 57.34 702.12 117.41 693.82 180.58 709.68 202.20
9 273.26 797.10 275.60 790.89 199.68 755.70 148.01 766.66 127.63 784.37 113.15 807.83 110.03 815.18 185.68 836.19 239.04 823.83
6 724.47 534.65 672.84 550.41 628.02 647.16 723.80 688.98 758.32 569.51 758.75 531.05
5 110.03 815.18 86.39 831.56 93.27 861.87 165.04 916.68 185.68 836.19
5 818.14 215.15 926.92 206.24 941.76 188.67 855.01 109.99 828.43 106.08
6 148.34 252.22 114.08 105.40 -16.70 115.89 -16.70 334.47 95.56 312.92 137.70 282.55
5 855.01 109.99 941.76 188.67 1007.70 175.05 1007.70 -2.56 967.56 -2.56
4 818.14 215.15 796.61 234.07 885.53 330.41 926.92 206.24
6 864.98 413.31 856.08 410.18 828.58 425.93 799.13 508.12 886.98 572.65 946.52 522.03
5 856.08 410.18 864.98 413.31 1007.70 450.87 1007.70 319.78 886.40 343.26
3 507.95 219.00 446.07 219.00 450.70 267.57
3 41.10 680.58 -16.70 646.21 -16.70 749.94
7 443.33 860.26 432.94 857.47 350.19 912.27 350.67 927.19 380.90 968.28 445.92 1014.56 512.30 1014.56
6 454.34 666.31 418.08 692.57 514.02 801.02 570.58 787.53 591.29 767.12 589.39 739.56
6 400.53 56.91 470.49 102.25 483.04 105.81 497.00 35.98 476.34 -2.56 419.70 -2.56
7 202.30 646.05 203.31 645.50 165.69 534.46 94.07 550.98 85.03 571.16 98.89 613.15 145.45 651.06
6 691.42 929.92 689.41 937.46 860.74 1014.56 870.02 1014.56 746.94 896.61 714.40 900.20
4 139.89 397.65 90.41 465.69 180.27 458.60 178.42 438.07
6 237.98 383.18 178.42 438.07 180.27 458.60 199.89 502.75 245.48 508.77 293.32 456.07
6 66.07 706.52 11.45 810.29 86.39 831.56 110.03 815.18 113.15 807.83 68.33 707.00
4 864.98 413.31 946.52 522.03 1007.70 520.12 1007.70 450.87
4 321.03 960.95 331.56 995.42 380.90 968.28 350.67 927.19
6 95.56 312.92 -16.70 334.47 -16.70 426.84 56.89 481.21 90.41 465.69 139.89 397.65
6 718.81 770.89 678.90 793.70 714.40 900.20 746.94 896.61 860.51 810.36 856.06 806.94
7 145.45 651.06 98.89 613.15 49.07 682.90 66.07 706.52 68.33 707.00 97.23 707.00 123.90 695.51
7 886.40 343.26 885.53 330.41 796.61 234.07 783.96 234.74 760.11 372.51 828.58 425.93 856.08 410.18
6 327.58 91.86 348.81 206.13 398.76 185.88 408.43 178.00 416.28 140.21 397.67 59.56
5 185.68 836.19 165.04 916.68 168.37 922.67 212.84 928.63 239.04 823.83
6 397.77 446.11 333.00 445.16 293.32 456.07 245.48 508.77 309.38 612.99 384.52 544.05
9 760.11 372.51 699.77 349.18 653.73 358.33 640.56 383.61 724.47 534.65 758.75 531.05 792.70 513.19 799.13 508.12 828.58 425.93
3 950.61 575.81 1007.70 604.35 1007.70 523.91
5 613.21 658.76 553.01 623.88 484.50 604.92 454.34 666.31 589.39 739.56
5 260.45 207.16 337.75 225.56 348.81 206.13 327.58 91.86 197.97 22.31
7 446.07 219.00 398.76 185.88 348.81 206.13 337.75 225.56 343.72 256.76 436.88 289.42 450.70 267.57
4 922.26 608.50 950.43 709.10 1007.70 795.36 1007.70 608.50
5 922.26 608.50 1007.70 608.50 1007.70 604.35 950.61 575.81 915.59 592.22
5 784.75 666.40 758.32 569.51 723.80 688.98 733.53 701.72 743.46 699.43
6 941.76 188.67 926.92 206.24 885.53 330.41 886.40 343.26 1007.70 319.78 1007.70 175.05
5 737.53 57.34 828.43 106.08 855.01 109.99 967.56 -2.56 731.63 -2.56
7 554.46 470.76 640.56 383.61 653.73 358.33 633.86 339.72 512.39 369.04 498.26 439.70 538.49 469.18
5 242.21 340.40 237.98 383.18 293.32 456.07 333.00 445.16 279.64 328.44
6 507.95 219.00 538.06 205.18 519.49 157.37 408.43 178.00 398.76 185.88 446.07 219.00
6 418.08 692.57 337.33 708.51 328.31 743.23 432.94 857.47 443.33 860.26 514.02 801.02
6 407.06 438.21 405.06 429.28 328.97 294.00 279.64 328.44 333.00 445.16 397.77 446.11
6 512.39 369.04 509.68 320.17 442.09 295.97 405.06 429.28 407.06 438.21 498.26 439.70
5 628.02 647.16 672.84 550.41 583.77 495.71 553.01 623.88 613.21 658.76
7 709.68 202.20 693.82 180.58 574.75 240.59 574.07 252.34 633.86 339.72 653.73 358.33 699.77 349.18
6 93.27 861.87 86.39 831.56 11.45 810.29 -16.70 813.09 -16.70 1014.56 37.75 1014.56
4 526.39 141.49 585.40 106.55 572.79 39.74 536.35 51.88
4 148.01 766.66 199.68 755.70 186.89 714.13 141.48 715.75
8 199.68 755.70 275.60 790.89 328.31 743.23 337.33 708.51 304.05 645.50 203.31 645.50 202.30 646.05 186.89 714.13
8 436.88 289.42 442.09 295.97 509.68 320.17 574.07 252.34 574.75 240.59 538.06 205.18 507.95 219.00 450.70 267.57
6 303.62 887.24 350.19 912.27 432.94 857.47 328.31 743.23 275.60 790.89 273.26 797.10
6 482.92 598.86 484.50 604.92 553.01 623.88 583.77 495.71 554.46 470.76 538.49 469.18
5 194.01 18.63 114.08 105.40 148.34 252.22 260.45 207.16 197.97 22.31
6 245.48 508.77 199.89 502.75 165.69 534.46 203.31 645.50 304.05 645.50 309.38 612.99
5 141.48 715.75 186.89 714.13 202.30 646.05 145.45 651.06 123.90 695.51
5 114.08 105.40 194.01 18.63 194.37 -2.56 -16.70 -2.56 -16.70 115.89
8 343.72 256.76 337.75 225.56 260.45 207.16 148.34 252.22 137.70 282.55 242.21 340.40 279.64 328.44 328.97 294.00
5 640.56 383.61 554.46 470.76 583.77 495.71 672.84 550.41 724.47 534.65
6 41.10 680.58 49.07 682.90 98.89 613.15 85.03 571.16 -16.70 601.15 -16.70 646.21
6 212.84 928.63 224.71 938.50 258.36 936.28 303.62 887.24 273.26 797.10 239.04 823.83
6 799.13 508.12 792.70 513.19 832.52 665.84 852.05 664.38 888.21 573.97 886.98 572.65
5 570.58 787.53 581.46 879.08 633.78 895.55 649.34 786.60 591.29 767.12
6 11.45 810.29 66.07 706.52 49.07 682.90 41.10 680.58 -16.70 749.94 -16.70 813.09
