20
5 141.11 195.18 264.71 441.30 454.33 377.71 522.06 161.87 169.03 168.66
4 -7.25 642.23 190.27 466.33 -15.22 393.30 -15.22 641.43
7 875.84 387.81 833.96 565.11 859.24 670.60 937.75 825.70 984.22 825.70 984.22 378.50 922.97 378.50
6 190.27 466.33 262.96 444.07 264.71 441.30 141.11 195.18 -15.22 185.35 -15.22 393.30
5 141.11 195.18 169.03 168.66 218.01 9.30 -15.22 9.30 -15.22 185.35
4 859.24 670.60 833.96 565.11 665.02 582.29 725.72 668.55
7 609.21 47.88 847.82 373.38 875.84 387.81 922.97 378.50 925.06 213.41 771.98 9.30 615.19 9.30
3 925.06 213.41 967.18 9.30 771.98 9.30
5 922.97 378.50 984.22 378.50 984.22 9.30 967.18 9.30 925.06 213.41
5 169.03 168.66 522.06 161.87 609.21 47.88 615.19 9.30 218.01 9.30
7 833.96 565.11 875.84 387.81 847.82 373.38 553.17 481.01 569.56 569.66 572.99 572.21 665.02 582.29
6 472.09 799.57 431.38 702.24 301.33 665.72 178.35 791.28 178.65 825.70 477.27 825.70
5 454.33 377.71 553.17 481.01 847.82 373.38 609.21 47.88 522.06 161.87
5 636.20 703.50 472.09 799.57 477.27 825.70 694.97 825.70 645.91 713.66
7 553.17 481.01 454.33 377.71 264.71 441.30 262.96 444.07 301.33 665.72 431.38 702.24 569.56 569.66
5 665.02 582.29 572.99 572.21 636.20 703.50 645.91 713.66 725.72 668.55
5 -7.25 642.23 -15.22 641.43 -15.22 825.70 178.65 825.70 178.35 791.28
5 178.35 791.28 301.33 665.72 262.96 444.07 190.27 466.33 -7.25 642.23
5 569.56 569.66 431.38 702.24 472.09 799.57 636.20 703.50 572.99 572.21
5 725.72 668.55 645.91 713.66 694.97 825.70 937.75 825.70 859.24 670.60
