500
7 626.37 100.27 613.33 87.88 560.91 71.11 555.59 86.59 562.42 123.12 588.00 118.00 603.58 112.81
4 723.20 324.75 713.45 369.31 756.43 345.43 738.17 316.52
7 848.30 758.77 876.41 741.36 888.17 692.85 887.37 686.87 879.18 685.18 842.92 699.31 829.65 737.01
7 63.28 83.48 32.84 98.33 32.23 99.35 54.50 111.50 82.44 111.50 91.16 87.37 87.30 83.01
5 166.49 206.02 169.65 215.80 211.87 240.91 214.78 220.56 201.48 193.96
6 361.01 454.96 391.35 504.25 409.97 503.07 412.49 498.02 409.50 468.75 399.40 456.50
5 283.87 293.29 264.72 302.55 249.12 333.75 283.87 310.59 286.06 296.33
6 935.37 115.63 1017.96 33.04 1017.96 -15.15 988.56 3.38 919.35 93.65 933.67 116.01
5 217.20 705.24 240.03 740.24 250.58 737.61 262.96 690.56 246.47 666.21
5 841.58 169.34 862.45 127.60 852.79 110.90 833.04 127.47 830.73 159.76
6 73.30 363.70 72.03 358.50 60.32 348.29 29.58 366.45 30.67 372.22 56.25 380.75
6 855.85 840.25 863.66 841.86 879.76 777.45 851.22 774.36 847.95 779.50 845.28 818.73
6 740.61 904.37 741.04 907.65 795.80 927.56 802.74 907.22 791.92 874.77 741.96 893.33
8 859.50 592.55 850.47 575.76 816.88 571.94 787.68 586.02 793.66 636.55 795.19 639.00 829.00 639.00 858.25 609.75
3 807.64 267.49 833.42 238.02 798.73 246.69
6 130.97 137.26 114.02 158.54 130.07 194.21 161.24 200.45 176.54 163.16 155.53 132.11
6 509.80 304.69 517.79 297.79 519.21 293.91 466.70 245.15 449.81 299.19 504.27 304.99
4 116.82 561.27 148.88 572.98 159.17 531.81 145.24 517.35
7 399.40 456.50 409.50 468.75 409.67 468.70 455.57 447.83 454.27 422.41 452.79 417.52 422.39 405.10
4 616.72 325.39 642.13 312.68 639.59 293.16 599.31 300.65
5 616.72 530.06 597.27 526.34 563.88 564.49 580.45 574.78 631.05 553.48
4 514.35 89.10 488.35 64.47 472.05 69.48 470.31 92.77
6 454.27 422.41 455.57 447.83 471.47 478.99 472.71 481.00 477.95 479.40 505.02 443.30
9 289.54 426.68 273.02 423.32 234.12 455.73 236.58 491.34 290.45 496.53 307.10 486.24 315.72 477.29 324.20 452.06 310.61 435.51
7 810.56 280.77 816.52 282.82 865.41 250.22 860.09 216.85 856.83 218.87 833.42 238.02 807.64 267.49
5 143.84 410.76 120.24 400.18 90.88 395.98 74.09 428.10 144.80 415.62
6 464.02 785.37 464.52 822.32 483.46 846.88 531.61 810.07 530.53 806.15 482.50 781.09
6 296.80 216.74 305.31 220.64 359.50 219.14 374.96 192.52 361.69 180.18 309.89 158.95
6 580.32 656.08 579.43 651.57 524.41 629.57 515.37 644.35 522.50 670.50 578.93 662.44
4 578.85 962.18 594.47 1017.96 607.39 1017.96 618.29 947.13
5 926.05 772.73 906.69 781.69 894.20 850.40 897.76 850.05 949.91 809.07
4 858.25 609.75 829.00 639.00 878.50 684.00 861.98 617.93
7 188.92 462.64 186.08 464.01 180.45 479.97 189.83 501.40 209.15 504.16 232.00 496.27 235.71 491.88
4 23.81 109.35 25.31 107.08 -19.96 46.72 -19.96 122.99
7 336.64 657.11 378.83 672.81 401.18 638.26 373.08 602.35 364.23 598.67 305.57 602.02 304.08 604.66
5 515.37 644.35 457.04 656.85 490.62 697.15 524.38 683.65 522.50 670.50
5 669.21 739.04 696.05 741.37 707.08 699.13 665.81 697.77 658.11 706.59
7 -10.68 514.95 27.88 505.00 62.60 448.41 60.56 444.01 58.13 442.58 -19.96 451.10 -19.96 513.86
6 74.50 569.88 80.50 560.12 79.46 546.27 27.88 505.00 -10.68 514.95 36.86 568.69
4 33.94 745.65 93.08 712.54 81.00 706.50 28.51 713.06
8 631.31 375.38 631.33 376.06 673.84 396.63 714.69 388.46 710.66 375.75 666.76 346.90 651.25 352.78 639.05 362.17
6 436.83 124.34 497.18 186.85 511.37 176.56 507.00 164.17 481.07 116.63 463.56 111.21
6 834.57 459.17 830.13 472.98 853.90 490.17 886.98 470.09 893.60 457.40 858.32 431.46
6 185.35 836.49 190.38 823.40 149.31 788.64 118.65 796.12 117.78 807.94 179.98 840.87
9 130.07 194.21 111.77 216.85 111.29 223.81 133.71 270.89 135.33 271.11 161.34 235.34 169.65 215.80 166.49 206.02 161.24 200.45
8 328.43 986.39 325.63 977.29 292.92 946.96 264.05 942.77 230.36 987.69 218.77 1017.70 218.80 1017.96 322.69 1017.96
7 272.20 859.13 268.58 847.45 250.54 838.00 228.79 856.35 231.82 899.77 236.77 903.75 273.90 883.63
6 280.99 346.14 283.87 310.59 249.12 333.75 245.19 339.87 246.30 344.09 263.28 354.60
4 68.32 270.84 -3.08 284.72 48.93 316.80 85.01 308.40
4 331.34 853.22 308.49 819.92 268.58 847.45 272.20 859.13
5 410.65 974.25 404.37 984.72 414.12 1015.75 436.86 970.28 427.13 969.13
4 772.00 810.14 772.00 759.34 759.28 757.99 756.25 798.89
6 324.20 452.06 315.72 477.29 365.70 514.78 391.35 504.25 361.01 454.96 334.54 448.11
4 213.13 702.89 199.74 680.57 170.74 700.64 177.92 716.09
6 50.69 973.52 26.00 955.00 8.28 944.28 -19.96 941.41 -19.96 1017.96 56.56 1017.96
4 435.02 -19.96 366.40 -19.96 367.98 3.40 399.56 40.83
6 303.25 148.38 309.89 158.95 361.69 180.18 370.85 116.07 359.69 108.63 350.46 106.92
6 800.38 779.50 794.63 760.78 772.00 759.34 772.00 810.14 779.35 815.82 797.09 798.52
4 455.38 898.68 446.28 834.98 430.02 842.90 427.54 857.74
4 845.28 818.73 847.95 779.50 800.38 779.50 797.09 798.52
5 87.74 251.97 131.64 271.93 133.71 270.89 111.29 223.81 93.50 235.67
7 917.10 522.79 914.49 526.56 921.50 541.65 973.08 585.30 967.64 523.27 965.23 521.97 921.96 521.12
6 222.20 256.55 211.87 240.91 169.65 215.80 161.34 235.34 197.83 271.83 219.06 261.22
6 366.13 887.11 396.41 908.94 455.32 899.95 455.70 899.25 455.38 898.68 427.54 857.74
5 449.81 299.19 427.00 310.00 435.46 343.86 450.59 347.93 504.27 304.99
6 730.08 414.05 739.15 430.71 803.25 414.69 820.49 395.62 772.79 363.15 728.53 403.72
8 304.08 604.66 305.57 602.02 302.76 591.70 282.04 559.53 253.81 561.15 236.53 597.06 246.85 632.79 277.25 627.43
5 783.81 345.10 803.00 335.50 805.58 331.63 783.03 294.05 778.78 294.83
5 301.92 892.97 348.90 872.72 331.34 853.22 272.20 859.13 273.90 883.63
4 32.84 98.33 63.28 83.48 8.84 -19.96 1.53 -19.96
6 73.30 363.70 89.29 380.68 116.51 366.57 136.51 348.88 108.96 331.51 72.03 358.50
5 401.71 45.56 400.71 52.43 444.43 63.36 454.75 56.03 451.74 25.91
5 244.92 397.63 273.02 423.32 289.54 426.68 280.02 382.25 261.78 372.69
4 633.36 43.81 565.16 15.91 560.91 71.11 613.33 87.88
6 291.38 102.76 283.77 139.29 303.25 148.38 350.46 106.92 345.52 97.05 294.31 92.39
6 552.34 891.24 529.57 941.16 553.06 961.67 562.15 961.11 586.57 895.99 573.98 888.15
4 531.61 810.07 483.46 846.88 489.19 864.34 539.40 821.30
7 197.83 271.83 166.33 294.63 166.65 296.92 220.16 316.64 226.67 313.93 229.32 306.80 219.06 261.22
9 863.66 841.86 855.85 840.25 830.63 855.22 831.67 893.96 849.55 912.55 884.73 907.63 888.12 905.62 891.39 897.04 891.93 851.71
6 916.66 579.48 921.50 548.00 921.50 541.65 914.49 526.56 875.62 547.14 874.83 549.06
7 282.74 285.10 229.15 255.04 222.20 256.55 219.06 261.22 229.32 306.80 264.72 302.55 283.87 293.29
4 507.00 164.17 507.00 120.91 498.86 111.29 481.07 116.63
5 81.00 706.50 55.17 682.83 40.12 679.66 22.26 701.09 28.51 713.06
4 98.01 463.40 76.20 458.42 80.78 543.20 123.96 502.90
4 639.05 362.17 651.25 352.78 642.13 312.68 616.72 325.39
7 700.11 842.76 718.25 830.67 716.45 805.11 698.50 798.00 673.96 817.63 671.60 825.51 681.80 837.76
6 857.19 -15.94 911.98 27.89 988.56 3.38 1017.96 -15.15 1017.96 -19.96 857.12 -19.96
5 659.08 798.69 673.96 817.63 698.50 798.00 692.18 790.11 662.13 791.47
8 797.05 242.00 797.39 242.65 856.83 218.87 860.09 216.85 861.88 202.22 861.71 202.13 811.10 203.10 791.92 210.54
5 24.73 399.92 30.67 372.22 29.58 366.45 -19.96 332.83 -19.96 394.73
6 861.98 617.93 878.50 684.00 879.18 685.18 887.37 686.87 923.68 670.19 939.67 647.06
5 455.32 899.95 396.41 908.94 399.79 930.69 416.54 941.62 469.21 947.47
5 111.18 286.37 75.70 267.15 68.32 270.84 85.01 308.40 99.21 308.10
6 176.54 163.16 236.76 155.44 244.27 141.66 241.55 137.37 167.06 118.21 155.53 132.11
5 948.12 353.56 959.83 320.39 950.10 284.69 922.29 342.29 930.89 350.89
6 161.56 352.07 160.57 350.88 136.51 348.88 116.51 366.57 120.24 400.18 143.84 410.76
7 319.91 359.71 313.11 376.73 310.61 435.51 324.20 452.06 334.54 448.11 358.68 415.92 331.77 353.13
6 548.98 328.98 532.69 389.50 534.32 390.91 545.84 387.80 575.49 362.79 555.03 330.04
5 183.65 503.17 189.83 501.40 180.45 479.97 164.89 481.16 153.78 497.84
6 527.73 941.36 483.03 879.46 455.70 899.25 455.32 899.95 469.21 947.47 476.97 961.52
7 100.05 952.28 127.73 907.68 127.77 905.71 110.99 880.05 98.45 882.45 79.66 925.83 78.23 954.32
5 960.05 625.10 981.66 617.73 973.08 585.30 921.50 541.65 921.50 548.00
7 396.68 391.38 358.68 415.92 334.54 448.11 361.01 454.96 399.40 456.50 422.39 405.10 411.18 391.20
7 228.79 856.35 250.54 838.00 244.25 807.20 226.56 793.58 194.39 817.71 190.38 823.40 185.35 836.49
6 597.27 526.34 587.94 519.00 537.40 515.47 526.26 535.21 551.86 565.94 563.88 564.49
6 926.05 772.73 932.58 761.46 909.50 735.50 887.14 757.86 890.99 775.20 906.69 781.69
4 56.25 380.75 30.67 372.22 24.73 399.92 44.93 417.94
5 710.66 375.75 713.45 369.31 723.20 324.75 683.41 321.13 666.76 346.90
5 244.92 397.63 215.31 400.10 207.28 419.31 234.12 455.73 273.02 423.32
5 732.14 633.83 731.41 649.37 793.66 636.55 787.68 586.02 774.35 581.06
6 234.12 455.73 207.28 419.31 195.33 425.50 188.92 462.64 235.71 491.88 236.58 491.34
6 423.18 777.07 447.83 774.83 450.52 741.48 431.13 712.83 375.31 702.44 364.35 720.98
4 579.03 819.13 544.64 825.64 582.15 863.15 601.76 835.55
5 982.46 221.23 981.96 221.82 1001.46 319.29 1017.96 334.65 1017.96 218.89
6 951.90 263.23 951.31 279.88 1001.46 319.29 981.96 221.82 960.14 246.06 954.16 254.40
6 339.70 777.89 353.98 726.48 317.69 717.18 269.83 741.56 300.94 795.05 306.64 797.94
7 642.13 312.68 651.25 352.78 666.76 346.90 683.41 321.13 680.45 309.31 647.53 287.00 639.59 293.16
4 450.59 347.93 498.42 372.98 509.80 304.69 504.27 304.99
3 588.00 118.00 628.50 131.50 603.58 112.81
5 950.64 281.21 886.41 311.94 895.84 335.12 922.29 342.29 950.10 284.69
6 879.18 685.18 878.50 684.00 829.00 639.00 795.19 639.00 795.78 679.81 842.92 699.31
4 546.43 996.14 475.92 972.64 474.88 1017.96 546.04 1017.96
6 696.11 9.05 696.56 15.37 719.86 35.76 751.90 -13.75 750.85 -19.96 708.36 -19.96
4 321.38 258.75 332.29 249.39 315.69 240.54 312.38 257.11
6 671.39 63.13 662.76 93.34 670.74 96.85 693.50 86.50 698.44 76.63 679.21 65.74
4 421.20 103.62 444.43 63.36 400.71 52.43 396.12 62.18
5 651.34 872.92 695.85 862.32 696.92 861.38 700.11 842.76 681.80 837.76
6 210.39 639.82 199.52 574.60 193.17 570.65 160.75 585.39 158.27 603.27 199.76 643.65
7 897.69 454.82 940.61 465.16 950.25 463.89 957.19 458.78 963.91 445.81 954.92 410.53 911.50 405.61
6 912.80 939.85 888.12 905.62 884.73 907.63 852.06 993.76 859.01 1017.96 882.32 1017.96
6 956.11 626.58 942.93 617.58 859.50 592.55 858.25 609.75 861.98 617.93 939.67 647.06
7 683.41 321.13 723.20 324.75 738.17 316.52 748.52 291.22 741.11 277.50 698.92 277.50 680.45 309.31
8 638.40 473.48 651.69 451.11 650.57 444.20 623.49 398.45 606.87 407.49 592.96 429.42 596.94 455.92 632.88 472.09
7 532.69 389.50 499.19 374.77 468.71 405.97 516.41 437.77 536.40 432.77 536.97 431.17 534.32 390.91
5 627.88 604.00 588.85 596.62 574.31 606.85 584.83 642.90 628.70 616.58
6 91.16 87.37 110.38 92.82 154.36 67.07 126.22 46.43 91.53 25.83 87.30 83.01
5 -19.96 615.11 -19.96 646.00 34.00 646.00 50.65 629.35 12.20 602.44
7 364.97 886.63 366.13 887.11 427.54 857.74 430.02 842.90 405.23 828.51 371.71 844.47 355.84 874.41
9 748.52 291.22 778.78 294.83 783.03 294.05 810.56 280.77 807.64 267.49 798.73 246.69 798.17 245.66 741.44 274.03 741.11 277.50
6 573.26 471.25 545.31 467.33 533.97 487.59 537.40 515.47 587.94 519.00 584.78 492.13
5 987.88 373.44 954.92 410.53 963.91 445.81 1017.96 439.37 1017.96 367.23
7 773.32 697.54 743.48 703.50 742.84 746.29 759.28 757.99 772.00 759.34 794.63 760.78 803.17 747.28
8 489.19 864.34 483.46 846.88 464.52 822.32 446.28 834.98 455.38 898.68 455.70 899.25 483.03 879.46 490.25 869.83
6 526.26 535.21 495.50 544.00 495.50 591.75 524.58 615.98 540.62 601.90 551.86 565.94
5 345.52 97.05 340.92 80.41 299.78 68.65 294.67 83.99 294.31 92.39
4 81.14 786.39 61.30 789.70 30.07 820.93 46.23 824.80
9 143.30 444.09 149.50 425.50 144.80 415.62 74.09 428.10 60.56 444.01 62.60 448.41 76.20 458.42 98.01 463.40 141.49 445.83
5 141.49 445.83 98.01 463.40 123.96 502.90 141.09 505.16 146.03 500.35
4 176.86 848.07 200.95 902.25 225.48 899.12 177.64 846.92
7 458.43 218.48 489.43 199.81 497.18 186.85 436.83 124.34 425.64 124.21 404.78 189.63 436.90 216.78
6 417.03 375.31 387.97 343.03 380.39 342.61 363.61 359.39 396.68 391.38 411.18 391.20
8 510.18 736.07 485.52 715.52 473.05 718.95 450.52 741.48 447.83 774.83 464.02 785.37 482.50 781.09 509.50 748.83
5 842.92 699.31 795.78 679.81 773.32 697.54 803.17 747.28 829.65 737.01
6 756.43 345.43 772.52 361.52 783.81 345.10 778.78 294.83 748.52 291.22 738.17 316.52
7 32.23 99.35 25.31 107.08 23.81 109.35 59.19 163.90 76.37 155.32 77.36 134.36 54.50 111.50
7 375.31 702.44 431.13 712.83 450.74 687.34 456.43 656.75 428.59 634.24 401.18 638.26 378.83 672.81
6 199.76 643.65 158.27 603.27 108.60 641.32 124.10 676.00 137.03 676.00 194.59 652.23
7 742.84 746.29 743.48 703.50 727.74 692.65 707.08 699.13 696.05 741.37 704.83 754.29 730.26 755.59
5 803.04 855.65 791.92 874.77 802.74 907.22 831.67 893.96 830.63 855.22
5 631.77 554.18 664.29 515.15 639.78 483.94 616.72 530.06 631.05 553.48
6 890.99 775.20 887.14 757.86 876.41 741.36 848.30 758.77 851.22 774.36 879.76 777.45
8 423.18 777.07 418.72 781.93 405.23 828.51 430.02 842.90 446.28 834.98 464.52 822.32 464.02 785.37 447.83 774.83
6 398.86 293.00 405.73 293.42 425.42 236.67 360.91 251.56 374.42 281.95 381.13 286.42
5 970.00 169.00 956.95 191.85 982.46 221.23 1017.96 218.89 1017.96 121.04
4 64.48 912.03 84.59 881.86 56.45 901.96 60.03 909.63
6 498.86 111.29 507.00 120.91 562.04 125.91 562.42 123.12 555.59 86.59 516.85 90.47
7 598.45 300.39 585.65 320.85 591.73 358.53 631.31 375.38 639.05 362.17 616.72 325.39 599.31 300.65
6 214.78 220.56 211.87 240.91 222.20 256.55 229.15 255.04 261.90 219.63 240.47 179.45
7 246.85 632.79 242.92 636.07 246.47 666.21 262.96 690.56 299.18 682.38 299.86 676.23 277.25 627.43
7 779.35 815.82 778.31 829.67 803.04 855.65 830.63 855.22 855.85 840.25 845.28 818.73 797.09 798.52
4 286.21 541.09 282.04 559.53 302.76 591.70 335.12 547.20
5 674.88 418.54 673.84 396.63 631.33 376.06 623.49 398.45 650.57 444.20
6 583.29 733.93 608.84 772.25 615.62 774.45 630.63 765.79 634.08 728.95 585.96 722.93
4 940.61 465.16 921.96 521.12 965.23 521.97 950.25 463.89
7 56.48 829.50 111.14 818.57 117.78 807.94 118.65 796.12 105.16 768.38 81.14 786.39 46.23 824.80
6 30.83 757.00 33.94 745.65 28.51 713.06 22.26 701.09 -19.96 693.27 -19.96 802.63
6 50.65 629.35 34.00 646.00 40.12 679.66 55.17 682.83 101.04 636.96 78.01 616.53
8 872.79 206.36 960.14 246.06 981.96 221.82 982.46 221.23 956.95 191.85 921.92 162.50 909.21 166.30 864.72 200.98
6 50.69 973.52 78.23 954.32 79.66 925.83 64.48 912.03 60.03 909.63 26.00 955.00
8 716.45 805.11 718.25 830.67 742.99 848.50 778.31 829.67 779.35 815.82 772.00 810.14 756.25 798.89 721.47 800.77
4 64.86 234.08 77.99 258.86 87.74 251.97 93.50 235.67
6 723.68 73.55 734.72 87.07 748.65 89.68 771.57 30.74 768.68 28.20 724.02 55.68
4 180.45 479.97 186.08 464.01 163.71 461.09 164.89 481.16
5 363.61 359.39 334.19 350.62 331.77 353.13 358.68 415.92 396.68 391.38
7 580.45 574.78 588.85 596.62 627.88 604.00 640.59 576.22 640.85 564.91 631.77 554.18 631.05 553.48
6 232.00 536.76 195.36 559.07 193.17 570.65 199.52 574.60 206.48 576.26 246.14 556.43
5 307.10 486.24 290.45 496.53 286.21 541.09 335.12 547.20 335.99 546.44
7 115.97 871.63 111.14 818.57 56.48 829.50 74.37 870.89 87.47 879.53 98.45 882.45 110.99 880.05
8 795.78 679.81 795.19 639.00 793.66 636.55 731.41 649.37 724.47 659.02 727.74 692.65 743.48 703.50 773.32 697.54
6 829.98 65.98 839.28 68.15 842.16 63.18 835.69 14.64 813.50 25.50 799.50 35.50
6 596.94 455.92 592.96 429.42 536.97 431.17 536.40 432.77 545.31 467.33 573.26 471.25
6 544.64 -19.96 469.03 -19.96 451.74 25.91 454.75 56.03 472.05 69.48 488.35 64.47
8 90.88 395.98 89.29 380.68 73.30 363.70 56.25 380.75 44.93 417.94 58.13 442.58 60.56 444.01 74.09 428.10
4 201.48 193.96 214.78 220.56 240.47 179.45 236.18 160.76
4 647.53 287.00 680.45 309.31 698.92 277.50 656.94 232.63
3 455.57 447.83 409.67 468.70 471.47 478.99
10 108.96 331.51 136.51 348.88 160.57 350.88 166.65 296.92 166.33 294.63 135.33 271.11 133.71 270.89 131.64 271.93 111.18 286.37 99.21 308.10
3 77.36 134.36 82.44 111.50 54.50 111.50
6 702.19 46.59 722.77 53.80 719.86 35.76 696.56 15.37 693.39 22.20 691.02 37.02
8 580.94 272.47 523.86 289.04 519.21 293.91 517.79 297.79 548.98 328.98 555.03 330.04 585.65 320.85 598.45 300.39
6 173.84 729.82 170.60 731.00 163.93 764.34 169.19 773.73 170.01 773.81 209.98 756.32
6 161.24 200.45 166.49 206.02 201.48 193.96 236.18 160.76 236.76 155.44 176.54 163.16
6 664.29 515.15 688.85 527.42 688.02 518.07 681.45 495.09 640.08 482.67 639.78 483.94
6 475.92 972.64 475.42 966.22 436.86 970.28 414.12 1015.75 414.48 1017.96 474.88 1017.96
7 865.92 371.87 895.84 335.12 886.41 311.94 879.13 304.51 838.34 311.70 835.46 320.88 844.87 373.81
7 562.72 745.16 583.29 733.93 585.96 722.93 583.96 705.70 575.78 696.50 535.48 696.50 527.55 719.76
4 378.44 325.98 398.86 293.00 381.13 286.42 346.85 334.41
6 725.36 883.50 741.42 891.83 742.99 848.50 718.25 830.67 700.11 842.76 696.92 861.38
5 248.55 39.23 298.53 63.54 315.39 38.96 292.39 -19.96 227.79 -19.96
5 981.33 475.88 1017.96 472.55 1017.96 439.37 963.91 445.81 957.19 458.78
6 791.92 874.77 803.04 855.65 778.31 829.67 742.99 848.50 741.42 891.83 741.96 893.33
8 787.68 586.02 816.88 571.94 814.17 525.88 786.28 501.36 748.81 511.98 741.12 535.34 749.71 563.69 774.35 581.06
7 630.63 765.79 651.20 766.63 663.64 759.10 669.21 739.04 658.11 706.59 653.77 707.80 634.08 728.95
4 912.80 939.85 882.32 1017.96 901.27 1017.96 939.75 941.00
8 981.66 617.73 960.05 625.10 956.11 626.58 939.67 647.06 923.68 670.19 971.39 741.03 1017.96 750.86 1017.96 622.95
5 160.00 731.00 117.43 692.68 100.85 713.26 107.60 758.05 140.46 750.54
5 578.93 662.44 522.50 670.50 524.38 683.65 535.48 696.50 575.78 696.50
5 651.69 451.11 668.25 452.46 702.37 421.43 674.88 418.54 650.57 444.20
6 534.53 875.18 552.34 891.24 573.98 888.15 582.15 863.15 544.64 825.64 543.44 825.54
7 173.84 729.82 209.98 756.32 224.70 758.22 240.03 740.24 217.20 705.24 213.13 702.89 177.92 716.09
5 732.14 633.83 774.35 581.06 749.71 563.69 714.17 587.39 709.05 595.91
7 141.09 505.16 145.24 517.35 159.17 531.81 170.45 531.47 183.65 503.17 153.78 497.84 146.03 500.35
6 409.97 503.07 424.65 544.02 436.43 548.93 474.72 533.61 470.79 485.65 412.49 498.02
5 264.72 302.55 229.32 306.80 226.67 313.93 245.19 339.87 249.12 333.75
5 588.39 249.50 558.59 228.87 522.79 239.61 523.86 289.04 580.94 272.47
8 423.25 307.75 427.00 310.00 449.81 299.19 466.70 245.15 458.43 218.48 436.90 216.78 425.42 236.67 405.73 293.42
5 691.02 37.02 693.39 22.20 649.05 36.98 645.27 43.13 665.84 55.20
5 833.04 127.47 818.12 126.44 801.00 148.22 824.30 159.41 830.73 159.76
6 245.19 339.87 226.67 313.93 220.16 316.64 186.91 359.67 199.00 368.50 246.30 344.09
4 632.88 472.09 596.94 455.92 573.26 471.25 584.78 492.13
5 399.56 40.83 401.71 45.56 451.74 25.91 469.03 -19.96 435.02 -19.96
4 106.50 955.50 134.50 997.50 153.30 966.17 136.66 951.19
6 682.45 896.06 740.61 904.37 741.96 893.33 741.42 891.83 725.36 883.50 691.88 883.50
6 585.96 722.93 634.08 728.95 653.77 707.80 616.29 694.57 592.50 702.50 583.96 705.70
8 488.35 64.47 514.35 89.10 516.85 90.47 555.59 86.59 560.91 71.11 565.16 15.91 549.28 -19.96 544.64 -19.96
7 30.83 757.00 65.51 764.43 104.89 767.18 107.60 758.05 100.85 713.26 93.08 712.54 33.94 745.65
6 998.27 891.71 971.96 908.15 945.83 941.00 956.26 976.30 1017.96 952.42 1017.96 889.64
5 63.28 83.48 87.30 83.01 91.53 25.83 73.97 -19.96 8.84 -19.96
4 199.74 680.57 194.59 652.23 137.03 676.00 170.74 700.64
4 956.26 976.30 942.87 1017.96 1017.96 1017.96 1017.96 952.42
6 888.17 692.85 909.50 735.50 932.58 761.46 971.39 741.03 923.68 670.19 887.37 686.87
8 544.64 825.64 579.03 819.13 579.95 788.65 551.20 779.07 530.53 806.15 531.61 810.07 539.40 821.30 543.44 825.54
5 539.40 821.30 489.19 864.34 490.25 869.83 534.53 875.18 543.44 825.54
6 505.02 443.30 477.95 479.40 533.97 487.59 545.31 467.33 536.40 432.77 516.41 437.77
7 75.70 267.15 77.99 258.86 64.86 234.08 44.50 220.50 -15.76 280.76 -3.08 284.72 68.32 270.84
9 698.92 277.50 741.11 277.50 741.44 274.03 740.21 245.79 728.96 203.31 727.09 201.55 703.03 200.87 655.74 227.65 656.94 232.63
5 -10.68 514.95 -19.96 513.86 -19.96 570.78 25.03 575.78 36.86 568.69
6 523.86 289.04 522.79 239.61 489.43 199.81 458.43 218.48 466.70 245.15 519.21 293.91
9 200.95 902.25 179.98 909.56 177.03 937.34 181.18 947.94 217.97 935.68 237.65 908.84 236.77 903.75 231.82 899.77 225.48 899.12
5 324.50 273.00 324.50 300.09 342.86 289.24 328.65 270.98 327.56 271.13
5 903.31 83.48 919.35 93.65 988.56 3.38 911.98 27.89 898.35 67.88
5 916.66 579.48 874.83 549.06 850.47 575.76 859.50 592.55 942.93 617.58
9 422.39 405.10 452.79 417.52 468.71 405.97 499.19 374.77 498.42 372.98 450.59 347.93 435.46 343.86 417.03 375.31 411.18 391.20
4 294.67 83.99 253.80 77.70 291.38 102.76 294.31 92.39
4 658.55 14.17 696.11 9.05 708.36 -19.96 651.31 -19.96
4 960.14 246.06 872.79 206.36 921.38 250.09 954.16 254.40
6 665.81 697.77 707.08 699.13 727.74 692.65 724.47 659.02 682.74 637.67 654.58 648.54
7 167.06 118.21 170.43 71.03 168.14 66.68 154.36 67.07 110.38 92.82 130.97 137.26 155.53 132.11
5 821.72 395.23 820.93 395.52 834.57 459.17 858.32 431.46 857.32 429.68
8 348.90 872.72 355.84 874.41 371.71 844.47 364.85 799.36 339.70 777.89 306.64 797.94 308.49 819.92 331.34 853.22
7 76.37 155.32 59.19 163.90 50.37 177.32 52.64 197.72 111.77 216.85 130.07 194.21 114.02 158.54
6 692.87 605.84 682.74 637.67 724.47 659.02 731.41 649.37 732.14 633.83 709.05 595.91
7 30.07 820.93 -13.45 815.35 8.97 846.90 46.31 878.91 74.37 870.89 56.48 829.50 46.23 824.80
5 704.83 754.29 696.05 741.37 669.21 739.04 663.64 759.10 688.98 770.86
6 641.75 912.10 682.45 896.06 691.88 883.50 695.85 862.32 651.34 872.92 645.96 876.08
5 783.24 149.21 789.87 166.07 806.51 175.58 824.30 159.41 801.00 148.22
6 640.59 576.22 692.87 605.84 709.05 595.91 714.17 587.39 669.93 553.68 640.85 564.91
5 261.90 219.63 229.15 255.04 282.74 285.10 288.70 275.67 287.20 221.70
4 842.16 63.18 874.42 53.26 854.02 -7.95 835.69 14.64
7 168.14 66.68 170.43 71.03 232.12 96.85 242.50 74.88 248.55 39.23 227.79 -19.96 204.61 -19.96
7 847.95 779.50 851.22 774.36 848.30 758.77 829.65 737.01 803.17 747.28 794.63 760.78 800.38 779.50
5 482.50 781.09 530.53 806.15 551.20 779.07 549.15 764.45 509.50 748.83
7 529.57 941.16 527.73 941.36 476.97 961.52 475.42 966.22 475.92 972.64 546.43 996.14 553.06 961.67
7 745.31 158.18 727.09 201.55 728.96 203.31 783.72 207.02 789.87 166.07 783.24 149.21 769.29 141.49
7 649.83 646.17 628.70 616.58 584.83 642.90 579.43 651.57 580.32 656.08 611.78 663.94 622.08 665.59
6 409.67 468.70 409.50 468.75 412.49 498.02 470.79 485.65 472.71 481.00 471.47 478.99
9 331.05 331.71 317.06 308.20 286.06 296.33 283.87 310.59 280.99 346.14 319.91 359.71 331.77 353.13 334.19 350.62 334.95 342.97
5 681.66 1017.96 731.00 1017.96 731.00 930.13 730.71 929.24 656.45 944.95
5 167.30 858.80 171.00 902.00 179.98 909.56 200.95 902.25 176.86 848.07
5 771.57 30.74 748.65 89.68 753.67 92.33 790.52 55.48 789.39 38.87
6 32.23 99.35 32.84 98.33 1.53 -19.96 -19.96 -19.96 -19.96 46.72 25.31 107.08
6 861.71 202.13 861.88 202.22 864.72 200.98 909.21 166.30 862.45 127.60 841.58 169.34
6 965.23 521.97 967.64 523.27 985.45 515.02 981.33 475.88 957.19 458.78 950.25 463.89
4 12.20 602.44 25.03 575.78 -19.96 570.78 -19.96 615.11
7 179.98 840.87 117.78 807.94 111.14 818.57 115.97 871.63 167.30 858.80 176.86 848.07 177.64 846.92
5 898.35 67.88 911.98 27.89 857.19 -15.94 854.02 -7.95 874.42 53.26
7 616.29 694.57 653.77 707.80 658.11 706.59 665.81 697.77 654.58 648.54 649.83 646.17 622.08 665.59
5 783.72 207.02 728.96 203.31 740.21 245.79 797.05 242.00 791.92 210.54
5 22.26 701.09 40.12 679.66 34.00 646.00 -19.96 646.00 -19.96 693.27
4 135.33 271.11 166.33 294.63 197.83 271.83 161.34 235.34
5 168.14 66.68 204.61 -19.96 170.47 -19.96 126.22 46.43 154.36 67.07
8 295.27 273.00 288.70 275.67 282.74 285.10 283.87 293.29 286.06 296.33 317.06 308.20 324.50 300.09 324.50 273.00
9 472.05 69.48 454.75 56.03 444.43 63.36 421.20 103.62 423.48 121.81 425.64 124.21 436.83 124.34 463.56 111.21 470.31 92.77
7 897.76 850.05 894.20 850.40 891.93 851.71 891.39 897.04 971.96 908.15 998.27 891.71 946.38 862.66
4 731.00 1017.96 762.71 1017.96 776.81 963.89 731.00 930.13
5 367.98 3.40 366.40 -19.96 292.39 -19.96 315.39 38.96 346.88 43.68
6 218.77 1017.70 180.04 957.72 153.30 966.17 134.50 997.50 134.50 1017.96 218.80 1017.96
6 563.88 564.49 551.86 565.94 540.62 601.90 574.31 606.85 588.85 596.62 580.45 574.78
6 8.28 944.28 27.46 908.53 8.97 846.90 -13.45 815.35 -19.96 812.38 -19.96 941.41
7 713.45 369.31 710.66 375.75 714.69 388.46 728.53 403.72 772.79 363.15 772.52 361.52 756.43 345.43
6 177.03 937.34 143.64 932.00 136.66 951.19 153.30 966.17 180.04 957.72 181.18 947.94
4 264.05 942.77 237.65 908.84 217.97 935.68 230.36 987.69
6 906.69 781.69 890.99 775.20 879.76 777.45 863.66 841.86 891.93 851.71 894.20 850.40
5 728.71 469.25 727.99 467.29 712.10 468.62 681.45 495.09 688.02 518.07
4 206.48 576.26 236.53 597.06 253.81 561.15 246.14 556.43
5 76.20 458.42 62.60 448.41 27.88 505.00 79.46 546.27 80.78 543.20
4 657.25 143.81 698.17 190.31 696.35 144.63 684.06 128.24
6 186.08 464.01 188.92 462.64 195.33 425.50 149.50 425.50 143.30 444.09 163.71 461.09
4 280.02 382.25 289.54 426.68 310.61 435.51 313.11 376.73
4 876.41 741.36 887.14 757.86 909.50 735.50 888.17 692.85
5 321.38 258.75 312.38 257.11 295.27 273.00 324.50 273.00 327.56 271.13
6 85.01 308.40 48.93 316.80 60.32 348.29 72.03 358.50 108.96 331.51 99.21 308.10
6 852.06 993.76 823.22 947.30 801.50 938.40 776.81 963.89 762.71 1017.96 859.01 1017.96
6 527.55 719.76 535.48 696.50 524.38 683.65 490.62 697.15 485.52 715.52 510.18 736.07
8 834.05 382.08 803.00 335.50 783.81 345.10 772.52 361.52 772.79 363.15 820.49 395.62 820.93 395.52 821.72 395.23
6 463.56 111.21 481.07 116.63 498.86 111.29 516.85 90.47 514.35 89.10 470.31 92.77
8 813.50 25.50 781.03 -19.96 750.85 -19.96 751.90 -13.75 768.68 28.20 771.57 30.74 789.39 38.87 799.50 35.50
5 474.72 533.61 436.43 548.93 443.80 607.91 495.50 591.75 495.50 544.00
5 799.26 91.34 790.28 104.63 798.60 109.09 853.08 103.64 843.07 89.43
6 805.58 331.63 835.46 320.88 838.34 311.70 816.52 282.82 810.56 280.77 783.03 294.05
8 587.94 519.00 597.27 526.34 616.72 530.06 639.78 483.94 640.08 482.67 638.40 473.48 632.88 472.09 584.78 492.13
5 536.97 431.17 592.96 429.42 606.87 407.49 545.84 387.80 534.32 390.91
6 730.71 929.24 731.00 930.13 776.81 963.89 801.50 938.40 795.80 927.56 741.04 907.65
6 346.85 334.41 381.13 286.42 374.42 281.95 362.69 286.51 331.05 331.71 334.95 342.97
4 1017.96 121.04 1017.96 115.50 994.97 119.07 970.00 169.00
7 654.58 648.54 682.74 637.67 692.87 605.84 640.59 576.22 627.88 604.00 628.70 616.58 649.83 646.17
8 163.93 764.34 140.46 750.54 107.60 758.05 104.89 767.18 105.16 768.38 118.65 796.12 149.31 788.64 169.19 773.73
6 698.44 76.63 723.68 73.55 724.02 55.68 722.77 53.80 702.19 46.59 679.21 65.74
4 170.60 731.00 160.00 731.00 140.46 750.54 163.93 764.34
4 91.53 25.83 126.22 46.43 170.47 -19.96 73.97 -19.96
5 79.66 925.83 98.45 882.45 87.47 879.53 84.59 881.86 64.48 912.03
7 159.17 531.81 148.88 572.98 160.75 585.39 193.17 570.65 195.36 559.07 189.59 541.78 170.45 531.47
4 884.73 907.63 849.55 912.55 823.22 947.30 852.06 993.76
5 789.39 38.87 790.52 55.48 800.21 74.25 829.98 65.98 799.50 35.50
8 853.08 103.64 853.71 104.31 903.31 83.48 898.35 67.88 874.42 53.26 842.16 63.18 839.28 68.15 843.07 89.43
8 325.63 977.29 328.43 986.39 358.74 976.85 395.21 944.76 399.79 930.69 396.41 908.94 366.13 887.11 364.97 886.63
7 436.90 216.78 404.78 189.63 374.96 192.52 359.50 219.14 359.50 249.61 360.91 251.56 425.42 236.67
6 615.62 774.45 626.35 816.54 659.08 798.69 662.13 791.47 651.20 766.63 630.63 765.79
6 584.83 642.90 574.31 606.85 540.62 601.90 524.58 615.98 524.41 629.57 579.43 651.57
6 511.37 176.56 497.18 186.85 489.43 199.81 522.79 239.61 558.59 228.87 543.42 168.19
8 753.67 92.33 748.65 89.68 734.72 87.07 716.77 114.76 724.17 134.69 745.31 158.18 769.29 141.49 773.42 111.63
6 879.13 304.51 886.41 311.94 950.64 281.21 951.31 279.88 951.90 263.23 880.53 284.64
5 262.96 690.56 250.58 737.61 269.83 741.56 317.69 717.18 299.18 682.38
7 911.27 405.22 892.12 394.88 857.32 429.68 858.32 431.46 893.60 457.40 897.69 454.82 911.50 405.61
7 -13.45 815.35 30.07 820.93 61.30 789.70 65.51 764.43 30.83 757.00 -19.96 802.63 -19.96 812.38
5 127.77 905.71 171.00 902.00 167.30 858.80 115.97 871.63 110.99 880.05
9 639.59 293.16 647.53 287.00 656.94 232.63 655.74 227.65 628.54 218.14 588.39 249.50 580.94 272.47 598.45 300.39 599.31 300.65
7 575.49 362.79 545.84 387.80 606.87 407.49 623.49 398.45 631.33 376.06 631.31 375.38 591.73 358.53
4 935.37 115.63 994.97 119.07 1017.96 115.50 1017.96 33.04
5 161.56 352.07 186.91 359.67 220.16 316.64 166.65 296.92 160.57 350.88
6 578.85 962.18 562.15 961.11 553.06 961.67 546.43 996.14 546.04 1017.96 594.47 1017.96
6 354.47 548.50 366.15 535.61 365.70 514.78 315.72 477.29 307.10 486.24 335.99 546.44
4 691.88 883.50 725.36 883.50 696.92 861.38 695.85 862.32
7 110.38 92.82 91.16 87.37 82.44 111.50 77.36 134.36 76.37 155.32 114.02 158.54 130.97 137.26
4 450.74 687.34 431.13 712.83 450.52 741.48 473.05 718.95
6 583.96 705.70 592.50 702.50 611.78 663.94 580.32 656.08 578.93 662.44 575.78 696.50
5 58.13 442.58 44.93 417.94 24.73 399.92 -19.96 394.73 -19.96 451.10
8 665.84 55.20 645.27 43.13 636.79 44.58 638.87 102.77 640.72 104.40 642.49 103.78 662.76 93.34 671.39 63.13
6 853.90 490.17 852.93 497.45 875.62 547.14 914.49 526.56 917.10 522.79 886.98 470.09
6 315.69 240.54 332.29 249.39 353.26 251.30 359.50 249.61 359.50 219.14 305.31 220.64
4 981.33 475.88 985.45 515.02 1017.96 511.54 1017.96 472.55
6 485.52 715.52 490.62 697.15 457.04 656.85 456.43 656.75 450.74 687.34 473.05 718.95
6 364.85 799.36 418.72 781.93 423.18 777.07 364.35 720.98 353.98 726.48 339.70 777.89
5 702.19 46.59 691.02 37.02 665.84 55.20 671.39 63.13 679.21 65.74
5 671.60 825.51 627.76 834.58 645.96 876.08 651.34 872.92 681.80 837.76
6 911.27 405.22 911.50 405.61 954.92 410.53 987.88 373.44 948.12 353.56 930.89 350.89
6 246.85 632.79 236.53 597.06 206.48 576.26 199.52 574.60 210.39 639.82 242.92 636.07
6 111.29 223.81 111.77 216.85 52.64 197.72 44.50 220.50 64.86 234.08 93.50 235.67
8 299.18 682.38 317.69 717.18 353.98 726.48 364.35 720.98 375.31 702.44 378.83 672.81 336.64 657.11 299.86 676.23
5 756.25 798.89 759.28 757.99 742.84 746.29 730.26 755.59 721.47 800.77
6 498.42 372.98 499.19 374.77 532.69 389.50 548.98 328.98 517.79 297.79 509.80 304.69
5 714.17 587.39 749.71 563.69 741.12 535.34 690.77 531.68 669.93 553.68
6 921.92 162.50 956.95 191.85 970.00 169.00 994.97 119.07 935.37 115.63 933.67 116.01
7 642.49 103.78 640.72 104.40 641.39 137.94 642.16 141.81 657.25 143.81 684.06 128.24 686.43 122.61
6 945.83 941.00 971.96 908.15 891.39 897.04 888.12 905.62 912.80 939.85 939.75 941.00
6 748.81 511.98 786.28 501.36 804.48 470.35 738.52 442.08 727.99 467.29 728.71 469.25
4 41.09 898.31 46.31 878.91 8.97 846.90 27.46 908.53
9 78.01 616.53 101.04 636.96 108.60 641.32 158.27 603.27 160.75 585.39 148.88 572.98 116.82 561.27 80.50 560.12 74.50 569.88
6 50.37 177.32 -19.96 167.45 -19.96 281.39 -15.76 280.76 44.50 220.50 52.64 197.72
4 405.23 828.51 418.72 781.93 364.85 799.36 371.71 844.47
6 640.85 564.91 669.93 553.68 690.77 531.68 688.85 527.42 664.29 515.15 631.77 554.18
4 693.50 116.01 693.50 86.50 670.74 96.85 689.37 118.14
4 299.86 676.23 336.64 657.11 304.08 604.66 277.25 627.43
4 949.91 809.07 897.76 850.05 946.38 862.66 961.04 811.35
6 549.15 764.45 551.20 779.07 579.95 788.65 608.84 772.25 583.29 733.93 562.72 745.16
6 56.45 901.96 84.59 881.86 87.47 879.53 74.37 870.89 46.31 878.91 41.09 898.31
7 686.43 122.61 684.06 128.24 696.35 144.63 724.17 134.69 716.77 114.76 693.50 116.01 689.37 118.14
6 374.96 192.52 404.78 189.63 425.64 124.21 423.48 121.81 370.85 116.07 361.69 180.18
7 123.96 502.90 80.78 543.20 79.46 546.27 80.50 560.12 116.82 561.27 145.24 517.35 141.09 505.16
6 798.60 109.09 818.12 126.44 833.04 127.47 852.79 110.90 853.71 104.31 853.08 103.64
6 423.48 121.81 421.20 103.62 396.12 62.18 387.78 64.49 359.69 108.63 370.85 116.07
7 253.80 77.70 242.50 74.88 232.12 96.85 241.55 137.37 244.27 141.66 283.77 139.29 291.38 102.76
6 922.29 342.29 895.84 335.12 865.92 371.87 892.12 394.88 911.27 405.22 930.89 350.89
4 116.51 366.57 89.29 380.68 90.88 395.98 120.24 400.18
6 698.17 190.31 703.03 200.87 727.09 201.55 745.31 158.18 724.17 134.69 696.35 144.63
8 350.91 54.43 387.78 64.49 396.12 62.18 400.71 52.43 401.71 45.56 399.56 40.83 367.98 3.40 346.88 43.68
6 483.03 879.46 527.73 941.36 529.57 941.16 552.34 891.24 534.53 875.18 490.25 869.83
5 789.87 166.07 783.72 207.02 791.92 210.54 811.10 203.10 806.51 175.58
6 854.02 -7.95 857.19 -15.94 857.12 -19.96 781.03 -19.96 813.50 25.50 835.69 14.64
6 225.48 899.12 231.82 899.77 228.79 856.35 185.35 836.49 179.98 840.87 177.64 846.92
7 703.03 200.87 698.17 190.31 657.25 143.81 642.16 141.81 610.39 178.13 628.54 218.14 655.74 227.65
6 179.98 909.56 171.00 902.00 127.77 905.71 127.73 907.68 143.64 932.00 177.03 937.34
5 693.39 22.20 696.56 15.37 696.11 9.05 658.55 14.17 649.05 36.98
8 477.95 479.40 472.71 481.00 470.79 485.65 474.72 533.61 495.50 544.00 526.26 535.21 537.40 515.47 533.97 487.59
5 170.01 773.81 194.39 817.71 226.56 793.58 224.70 758.22 209.98 756.32
5 362.69 286.51 342.86 289.24 324.50 300.09 317.06 308.20 331.05 331.71
8 170.74 700.64 137.03 676.00 124.10 676.00 117.43 692.68 160.00 731.00 170.60 731.00 173.84 729.82 177.92 716.09
5 217.97 935.68 181.18 947.94 180.04 957.72 218.77 1017.70 230.36 987.69
6 628.50 131.50 641.39 137.94 640.72 104.40 638.87 102.77 626.37 100.27 603.58 112.81
4 395.21 944.76 358.74 976.85 404.37 984.72 410.65 974.25
5 399.79 930.69 395.21 944.76 410.65 974.25 427.13 969.13 416.54 941.62
5 209.15 504.16 189.59 541.78 195.36 559.07 232.00 536.76 232.00 496.27
5 328.65 270.98 353.26 251.30 332.29 249.39 321.38 258.75 327.56 271.13
6 414.12 1015.75 404.37 984.72 358.74 976.85 328.43 986.39 322.69 1017.96 414.48 1017.96
5 959.83 320.39 948.12 353.56 987.88 373.44 1017.96 367.23 1017.96 344.61
7 29.58 366.45 60.32 348.29 48.93 316.80 -3.08 284.72 -15.76 280.76 -19.96 281.39 -19.96 332.83
5 111.18 286.37 131.64 271.93 87.74 251.97 77.99 258.86 75.70 267.15
5 435.46 343.86 427.00 310.00 423.25 307.75 387.97 343.03 417.03 375.31
6 824.30 159.41 806.51 175.58 811.10 203.10 861.71 202.13 841.58 169.34 830.73 159.76
7 1001.46 319.29 951.31 279.88 950.64 281.21 950.10 284.69 959.83 320.39 1017.96 344.61 1017.96 334.65
5 692.18 790.11 688.98 770.86 663.64 759.10 651.20 766.63 662.13 791.47
6 315.39 38.96 298.53 63.54 299.78 68.65 340.92 80.41 350.91 54.43 346.88 43.68
5 170.45 531.47 189.59 541.78 209.15 504.16 189.83 501.40 183.65 503.17
8 217.20 705.24 246.47 666.21 242.92 636.07 210.39 639.82 199.76 643.65 194.59 652.23 199.74 680.57 213.13 702.89
6 985.45 515.02 967.64 523.27 973.08 585.30 981.66 617.73 1017.96 622.95 1017.96 511.54
8 638.02 920.10 639.83 929.97 656.45 944.95 730.71 929.24 741.04 907.65 740.61 904.37 682.45 896.06 641.75 912.10
5 960.05 625.10 921.50 548.00 916.66 579.48 942.93 617.58 956.11 626.58
6 893.60 457.40 886.98 470.09 917.10 522.79 921.96 521.12 940.61 465.16 897.69 454.82
6 801.50 938.40 823.22 947.30 849.55 912.55 831.67 893.96 802.74 907.22 795.80 927.56
5 961.04 811.35 946.38 862.66 998.27 891.71 1017.96 889.64 1017.96 807.05
6 299.78 68.65 298.53 63.54 248.55 39.23 242.50 74.88 253.80 77.70 294.67 83.99
8 93.08 712.54 100.85 713.26 117.43 692.68 124.10 676.00 108.60 641.32 101.04 636.96 55.17 682.83 81.00 706.50
5 105.16 768.38 104.89 767.18 65.51 764.43 61.30 789.70 81.14 786.39
7 56.56 1017.96 134.50 1017.96 134.50 997.50 106.50 955.50 100.05 952.28 78.23 954.32 50.69 973.52
5 127.73 907.68 100.05 952.28 106.50 955.50 136.66 951.19 143.64 932.00
5 618.29 947.13 607.39 1017.96 681.66 1017.96 656.45 944.95 639.83 929.97
7 401.18 638.26 428.59 634.24 443.80 607.91 436.43 548.93 424.65 544.02 403.68 553.12 373.08 602.35
6 387.97 343.03 423.25 307.75 405.73 293.42 398.86 293.00 378.44 325.98 380.39 342.61
6 638.40 473.48 640.08 482.67 681.45 495.09 712.10 468.62 668.25 452.46 651.69 451.11
5 800.21 74.25 799.26 91.34 843.07 89.43 839.28 68.15 829.98 65.98
6 236.77 903.75 237.65 908.84 264.05 942.77 292.92 946.96 301.92 892.97 273.90 883.63
7 1017.96 807.05 1017.96 750.86 971.39 741.03 932.58 761.46 926.05 772.73 949.91 809.07 961.04 811.35
6 335.12 547.20 302.76 591.70 305.57 602.02 364.23 598.67 354.47 548.50 335.99 546.44
6 610.39 178.13 561.45 155.17 543.42 168.19 558.59 228.87 588.39 249.50 628.54 218.14
6 391.35 504.25 365.70 514.78 366.15 535.61 403.68 553.12 424.65 544.02 409.97 503.07
5 724.02 55.68 768.68 28.20 751.90 -13.75 719.86 35.76 722.77 53.80
6 359.69 108.63 387.78 64.49 350.91 54.43 340.92 80.41 345.52 97.05 350.46 106.92
6 25.03 575.78 12.20 602.44 50.65 629.35 78.01 616.53 74.50 569.88 36.86 568.69
9 149.50 425.50 195.33 425.50 207.28 419.31 215.31 400.10 199.00 368.50 186.91 359.67 161.56 352.07 143.84 410.76 144.80 415.62
8 588.00 118.00 562.42 123.12 562.04 125.91 561.45 155.17 610.39 178.13 642.16 141.81 641.39 137.94 628.50 131.50
7 814.17 525.88 852.93 497.45 853.90 490.17 830.13 472.98 804.64 470.25 804.48 470.35 786.28 501.36
7 730.26 755.59 704.83 754.29 688.98 770.86 692.18 790.11 698.50 798.00 716.45 805.11 721.47 800.77
6 280.99 346.14 263.28 354.60 261.78 372.69 280.02 382.25 313.11 376.73 319.91 359.71
6 263.28 354.60 246.30 344.09 199.00 368.50 215.31 400.10 244.92 397.63 261.78 372.69
5 373.08 602.35 403.68 553.12 366.15 535.61 354.47 548.50 364.23 598.67
5 468.71 405.97 452.79 417.52 454.27 422.41 505.02 443.30 516.41 437.77
9 624.25 831.26 601.76 835.55 582.15 863.15 573.98 888.15 586.57 895.99 638.02 920.10 641.75 912.10 645.96 876.08 627.76 834.58
8 524.58 615.98 495.50 591.75 443.80 607.91 428.59 634.24 456.43 656.75 457.04 656.85 515.37 644.35 524.41 629.57
7 865.41 250.22 871.90 257.16 921.38 250.09 872.79 206.36 864.72 200.98 861.88 202.22 860.09 216.85
6 562.15 961.11 578.85 962.18 618.29 947.13 639.83 929.97 638.02 920.10 586.57 895.99
6 306.64 797.94 300.94 795.05 244.25 807.20 250.54 838.00 268.58 847.45 308.49 819.92
4 167.06 118.21 241.55 137.37 232.12 96.85 170.43 71.03
6 292.92 946.96 325.63 977.29 364.97 886.63 355.84 874.41 348.90 872.72 301.92 892.97
7 226.56 793.58 244.25 807.20 300.94 795.05 269.83 741.56 250.58 737.61 240.03 740.24 224.70 758.22
6 865.92 371.87 844.87 373.81 834.05 382.08 821.72 395.23 857.32 429.68 892.12 394.88
6 702.37 421.43 730.08 414.05 728.53 403.72 714.69 388.46 673.84 396.63 674.88 418.54
5 739.15 430.71 738.52 442.08 804.48 470.35 804.64 470.25 803.25 414.69
6 60.03 909.63 56.45 901.96 41.09 898.31 27.46 908.53 8.28 944.28 26.00 955.00
5 880.53 284.64 951.90 263.23 954.16 254.40 921.38 250.09 871.90 257.16
6 688.85 527.42 690.77 531.68 741.12 535.34 748.81 511.98 728.71 469.25 688.02 518.07
7 712.10 468.62 727.99 467.29 738.52 442.08 739.15 430.71 730.08 414.05 702.37 421.43 668.25 452.46
5 549.15 764.45 562.72 745.16 527.55 719.76 510.18 736.07 509.50 748.83
7 374.42 281.95 360.91 251.56 359.50 249.61 353.26 251.30 328.65 270.98 342.86 289.24 362.69 286.51
6 153.78 497.84 164.89 481.16 163.71 461.09 143.30 444.09 141.49 445.83 146.03 500.35
5 798.17 245.66 797.39 242.65 797.05 242.00 740.21 245.79 741.44 274.03
4 611.78 663.94 592.50 702.50 616.29 694.57 622.08 665.59
6 673.96 817.63 659.08 798.69 626.35 816.54 624.25 831.26 627.76 834.58 671.60 825.51
10 283.77 139.29 244.27 141.66 236.76 155.44 236.18 160.76 240.47 179.45 261.90 219.63 287.20 221.70 296.80 216.74 309.89 158.95 303.25 148.38
5 901.27 1017.96 942.87 1017.96 956.26 976.30 945.83 941.00 939.75 941.00
6 816.52 282.82 838.34 311.70 879.13 304.51 880.53 284.64 871.90 257.16 865.41 250.22
7 790.28 104.63 773.42 111.63 769.29 141.49 783.24 149.21 801.00 148.22 818.12 126.44 798.60 109.09
5 670.74 96.85 662.76 93.34 642.49 103.78 686.43 122.61 689.37 118.14
6 850.47 575.76 874.83 549.06 875.62 547.14 852.93 497.45 814.17 525.88 816.88 571.94
7 608.84 772.25 579.95 788.65 579.03 819.13 601.76 835.55 624.25 831.26 626.35 816.54 615.62 774.45
7 315.69 240.54 305.31 220.64 296.80 216.74 287.20 221.70 288.70 275.67 295.27 273.00 312.38 257.11
6 803.25 414.69 804.64 470.25 830.13 472.98 834.57 459.17 820.93 395.52 820.49 395.62
6 698.44 76.63 693.50 86.50 693.50 116.01 716.77 114.76 734.72 87.07 723.68 73.55
5 798.73 246.69 833.42 238.02 856.83 218.87 797.39 242.65 798.17 245.66
5 -19.96 122.99 -19.96 167.45 50.37 177.32 59.19 163.90 23.81 109.35
5 636.79 44.58 633.36 43.81 613.33 87.88 626.37 100.27 638.87 102.77
8 862.45 127.60 909.21 166.30 921.92 162.50 933.67 116.01 919.35 93.65 903.31 83.48 853.71 104.31 852.79 110.90
6 378.44 325.98 346.85 334.41 334.95 342.97 334.19 350.62 363.61 359.39 380.39 342.61
6 469.21 947.47 416.54 941.62 427.13 969.13 436.86 970.28 475.42 966.22 476.97 961.52
9 236.58 491.34 235.71 491.88 232.00 496.27 232.00 536.76 246.14 556.43 253.81 561.15 282.04 559.53 286.21 541.09 290.45 496.53
8 658.55 14.17 651.31 -19.96 549.28 -19.96 565.16 15.91 633.36 43.81 636.79 44.58 645.27 43.13 649.05 36.98
6 753.67 92.33 773.42 111.63 790.28 104.63 799.26 91.34 800.21 74.25 790.52 55.48
5 844.87 373.81 835.46 320.88 805.58 331.63 803.00 335.50 834.05 382.08
5 194.39 817.71 170.01 773.81 169.19 773.73 149.31 788.64 190.38 823.40
6 562.04 125.91 507.00 120.91 507.00 164.17 511.37 176.56 543.42 168.19 561.45 155.17
4 555.03 330.04 575.49 362.79 591.73 358.53 585.65 320.85
